<?xml version="1.0"?>
<opencv_storage>
<calibration_time>"mié 06 nov 2019 19:23:43 CET"</calibration_time>
<nr_of_frames>16</nr_of_frames>
<image_width>1920</image_width>
<image_height>1080</image_height>
<board_width>9</board_width>
<board_height>6</board_height>
<square_size>50.</square_size>
<fix_aspect_ratio>1.</fix_aspect_ratio>
<!-- flags: +fix_aspectRatio +fix_principal_point +zero_tangent_dist +fix_k4 +fix_k5 -->
<flags>6158</flags>
<fisheye_model>0</fisheye_model>
<camera_matrix type_id="opencv-matrix">
  <rows>3</rows>
  <cols>3</cols>
  <dt>d</dt>
  <data>
    1.5349852084695738e+03 0. 960. 0. 1.5349852084695738e+03 540. 0. 0.
    1.</data></camera_matrix>
<distortion_coefficients type_id="opencv-matrix">
  <rows>5</rows>
  <cols>1</cols>
  <dt>d</dt>
  <data>
    3.3658580118132031e-01 -1.9909127003136231e+00 0. 0.
    3.6243259948166591e+00</data></distortion_coefficients>
<avg_reprojection_error>3.0928818208060915e-01</avg_reprojection_error>
<per_view_reprojection_errors type_id="opencv-matrix">
  <rows>16</rows>
  <cols>1</cols>
  <dt>f</dt>
  <data>
    2.74644822e-01 2.88223594e-01 2.94266045e-01 3.06947231e-01
    2.80813813e-01 3.00282598e-01 3.12528282e-01 3.03319931e-01
    3.06360543e-01 2.94789523e-01 3.69730771e-01 3.29384565e-01
    2.95800656e-01 3.11789453e-01 2.89927930e-01 3.71228486e-01</data></per_view_reprojection_errors>
<!-- a set of 6-tuples (rotation vector + translation vector) for each view -->
<extrinsic_parameters type_id="opencv-matrix">
  <rows>16</rows>
  <cols>6</cols>
  <dt>d</dt>
  <data>
    1.5919435068083757e-02 3.2475688619422272e-01 4.6106920485068772e-02
    -2.8367011925107818e+02 -1.4569537471700804e+02
    7.3968202175366832e+02 1.7003408315957372e-02 3.2367116659439565e-01
    4.5830745240257167e-02 -2.8452338651942114e+02
    -1.4632735222992207e+02 7.3895505955033559e+02
    1.7486721292109316e-02 3.2388547883024815e-01 4.4982814176743005e-02
    -2.8497326197094645e+02 -1.4653094280257883e+02
    7.3855825236779788e+02 1.8568687949745442e-02 3.2406239613316440e-01
    4.4272224996415310e-02 -2.8495025776959545e+02
    -1.4642562946230026e+02 7.3841866689648646e+02
    1.9584775555324209e-02 3.2463737344657445e-01 4.3683462226640039e-02
    -2.8445677956128156e+02 -1.4651460050364309e+02
    7.3856605967953465e+02 1.9916143318540552e-02 3.2556914673189785e-01
    4.3500392696138659e-02 -2.8382033938241926e+02
    -1.4684491419554200e+02 7.3874642135963302e+02
    1.9246044604374873e-02 3.2693903422032933e-01 4.3705782612917521e-02
    -2.8320641150763902e+02 -1.4724254202792974e+02
    7.3891025388728758e+02 1.8667595554182501e-02 3.2688541404277321e-01
    4.3934592143601216e-02 -2.8315810674737168e+02
    -1.4758294966854490e+02 7.3901826706613315e+02
    1.9089322105927446e-02 3.2686870073083790e-01 4.3867754185457505e-02
    -2.8320796481198551e+02 -1.4792674416786318e+02
    7.3896899523780621e+02 2.0710922068796114e-02 3.2723717944268038e-01
    4.3594958719095467e-02 -2.8308484135031131e+02
    -1.4831861477348767e+02 7.3888258159639804e+02
    2.5156055443622202e-02 3.2809176546559832e-01 4.2554931433052307e-02
    -2.8197429286837229e+02 -1.4896658213132613e+02
    7.3912211090974415e+02 2.4526028854661121e-02 3.3036615526902885e-01
    4.2950792907274375e-02 -2.8032733947058858e+02
    -1.5032531414217615e+02 7.3947987117054765e+02
    2.2942162728251392e-02 3.3139419368918605e-01 4.3121005367152368e-02
    -2.7989608297487172e+02 -1.5110614449643404e+02
    7.3941793275597854e+02 2.3457413542650400e-02 3.3041173142507846e-01
    4.2933070888571345e-02 -2.8040575715204318e+02
    -1.5217178498094057e+02 7.3905481030975375e+02
    2.2663860789547206e-02 3.3041627877726221e-01 4.3016531630478534e-02
    -2.8124900309102821e+02 -1.5301962502536628e+02
    7.3827989046989251e+02 2.1578345509796114e-02 3.2701769607608072e-01
    4.2432120672958859e-02 -2.8493039867045155e+02
    -1.5230523546460910e+02 7.3606799795889708e+02</data></extrinsic_parameters>
<image_points type_id="opencv-matrix">
  <rows>16</rows>
  <cols>54</cols>
  <dt>"2f"</dt>
  <data>
    3.61229828e+02 2.32427612e+02 4.49894257e+02 2.30551270e+02
    5.42487122e+02 2.28955322e+02 6.40710083e+02 2.27638214e+02
    7.42635986e+02 2.26596832e+02 8.49103699e+02 2.25490021e+02
    9.60849792e+02 2.23595169e+02 1.07755066e+03 2.20934525e+02
    1.20157922e+03 2.17656830e+02 3.57476440e+02 3.38109863e+02
    4.46185303e+02 3.38728210e+02 5.39108521e+02 3.39689606e+02
    6.37390442e+02 3.41330383e+02 7.39318420e+02 3.42733673e+02
    8.45156250e+02 3.44466217e+02 9.56088562e+02 3.45640442e+02
    1.07169678e+03 3.46168152e+02 1.19469629e+03 3.46318542e+02
    3.53771423e+02 4.43407166e+02 4.42456787e+02 4.46245697e+02
    5.35456726e+02 4.49793793e+02 6.33640015e+02 4.53414673e+02
    7.35457581e+02 4.57272034e+02 8.40639526e+02 4.61230774e+02
    9.50846191e+02 4.65114258e+02 1.06583728e+03 4.68843140e+02
    1.18798401e+03 4.72737823e+02 3.50470123e+02 5.48938416e+02
    4.38596741e+02 5.54294128e+02 5.31437500e+02 5.59706543e+02
    6.29617371e+02 5.65462280e+02 7.30994019e+02 5.71343140e+02
    8.36111877e+02 5.77549377e+02 9.45832153e+02 5.84088196e+02
    1.06051758e+03 5.91014709e+02 1.18232043e+03 5.98594116e+02
    3.46545776e+02 6.53494629e+02 4.34676514e+02 6.61231934e+02
    5.27126709e+02 6.69036926e+02 6.24924194e+02 6.76807922e+02
    7.25802368e+02 6.85128479e+02 8.30822021e+02 6.93433472e+02
    9.40836914e+02 7.02551697e+02 1.05553088e+03 7.12920288e+02
    1.17696497e+03 7.23976685e+02 3.43139343e+02 7.57679382e+02
    4.30600708e+02 7.67599915e+02 5.22563904e+02 7.77796753e+02
    6.19646851e+02 7.88232544e+02 7.20533203e+02 7.98755310e+02
    8.25571106e+02 8.09970703e+02 9.35615906e+02 8.21928345e+02
    1.05061353e+03 8.35258789e+02 1.17239966e+03 8.49777954e+02
    3.58898163e+02 2.30604919e+02 4.47512238e+02 2.28839691e+02
    5.40434021e+02 2.27365311e+02 6.38608093e+02 2.25791855e+02
    7.40631592e+02 2.24812317e+02 8.47340210e+02 2.23532013e+02
    9.59073120e+02 2.21776398e+02 1.07617590e+03 2.19308365e+02
    1.19995203e+03 2.15844437e+02 3.55380859e+02 3.36534271e+02
    4.43997498e+02 3.37295074e+02 5.36676880e+02 3.38311279e+02
    6.35440369e+02 3.39548065e+02 7.37038025e+02 3.41284973e+02
    8.43110474e+02 3.42649200e+02 9.54011597e+02 3.43857269e+02
    1.07008618e+03 3.44466370e+02 1.19305212e+03 3.44539978e+02
    3.51590240e+02 4.41812988e+02 4.40443756e+02 4.44948761e+02
    5.33448669e+02 4.48267517e+02 6.31823975e+02 4.51874298e+02
    7.33480530e+02 4.55722443e+02 8.39130005e+02 4.59665466e+02
    9.49139709e+02 4.63332306e+02 1.06438013e+03 4.67207520e+02
    1.18651196e+03 4.70831024e+02 3.48196564e+02 5.47501221e+02
    4.36494507e+02 5.52635498e+02 5.29506653e+02 5.58347839e+02
    6.27657837e+02 5.64090454e+02 7.29213196e+02 5.70160522e+02
    8.34355164e+02 5.76190552e+02 9.44382202e+02 5.82475464e+02
    1.05892139e+03 5.89540466e+02 1.18051111e+03 5.96750671e+02
    3.44523499e+02 6.52294434e+02 4.32621460e+02 6.59803711e+02
    5.25267761e+02 6.67717224e+02 6.23241516e+02 6.75716858e+02
    7.24277466e+02 6.83519470e+02 8.29396301e+02 6.91962830e+02
    9.39338379e+02 7.01170288e+02 1.05362476e+03 7.11145813e+02
    1.17554431e+03 7.22356018e+02 3.41371552e+02 7.56685059e+02
    4.28758240e+02 7.66496521e+02 5.20745850e+02 7.76663635e+02
    6.18022217e+02 7.87147156e+02 7.18876587e+02 7.97384766e+02
    8.23856934e+02 8.08290955e+02 9.34128052e+02 8.20324158e+02
    1.04894910e+03 8.33523132e+02 1.17069470e+03 8.48115173e+02
    3.57513062e+02 2.29943665e+02 4.46381348e+02 2.28138046e+02
    5.39302185e+02 2.26391174e+02 6.37456299e+02 2.25113007e+02
    7.39485229e+02 2.23659012e+02 8.46068542e+02 2.22420074e+02
    9.57995483e+02 2.20547684e+02 1.07478223e+03 2.17735306e+02
    1.19885645e+03 2.14340607e+02 3.54105377e+02 3.36090302e+02
    4.42656219e+02 3.36494812e+02 5.35671265e+02 3.37449677e+02
    6.34327087e+02 3.38616119e+02 7.36368958e+02 3.40276550e+02
